.Random.seed <-
c(403L, 10L, 428409628L, 794961778L, 1760885741L, 501828647L, 
1701114958L, -1060120408L, 2028910251L, -729111607L, -951500840L, 
-1527982458L, 896372577L, -76201229L, 1441185122L, -916333612L, 
-1240359209L, -426957619L, -155933596L, 509749834L, 464105397L, 
-925183217L, 270888982L, -1086719296L, -1476289405L, -697161567L, 
1910341264L, 70729070L, 599624473L, -1221636181L, -1392857702L, 
1556044124L, -856297377L, 1940701237L, 1619956684L, -246999262L, 
-364664451L, 1895350903L, 1790426014L, -1152619944L, -1425783877L, 
377455961L, 660659944L, -671490282L, -1032884079L, 450874691L, 
-1419831214L, -31282460L, -2079134425L, -1218792067L, -1847190412L, 
1578763866L, 2088059557L, 539461823L, -2086978746L, 555518416L, 
-805266445L, -1765817583L, 2117817152L, -2105902306L, -312884247L, 
-568768229L, -362323158L, 493265996L, -2036028401L, 274270021L, 
-530992900L, -1774321838L, -656576307L, -1337098105L, -1627430034L, 
-53340856L, -37805749L, -914910039L, -1046256136L, -330052314L, 
-1276170687L, 290105299L, -505676414L, -1168207436L, 530136375L, 
-1316128723L, 136406340L, -2041355670L, 433032405L, -399685009L, 
-591134858L, 2128789664L, -1598432925L, 958929409L, -988706448L, 
-1416578802L, 986090361L, 1045725963L, 1411058746L, 1134242620L, 
-351305601L, -479353899L, 1516228076L, -1456742590L, -976166755L, 
-1568384745L, -1487458178L, 1425442872L, 1489608475L, -549950343L, 
-80448312L, 1196397814L, 1299154225L, -1308445341L, -167749838L, 
1602781316L, 1523506375L, 691457949L, -1887241452L, 2040170938L, 
146743301L, 525686239L, 141174886L, 403904496L, 413032723L, 86621873L, 
-164595360L, 29806334L, 1562290825L, 1423427003L, 28327818L, 
2052335212L, -1506371601L, -1850920923L, 570409180L, -1651988814L, 
-647968339L, -905200281L, -171054450L, 1121710952L, -684971157L, 
-779610871L, 741993368L, -1525585210L, 1742884897L, -938339149L, 
-1845754334L, 2043918356L, 107101335L, -152136051L, -149424220L, 
879749514L, -1889675787L, -553891761L, -541237418L, -374327808L, 
-333674685L, -1059627295L, 1316994128L, 1656816814L, 809705561L, 
-979615637L, -529795622L, -205168996L, 1525969055L, -1421473035L, 
-571959412L, 1638184546L, -250541507L, 859518135L, 340421470L, 
-1442361704L, 937307643L, -2104266855L, 894552104L, -823906090L, 
23197009L, 812688387L, 857525138L, -20174556L, 63041511L, 338588733L, 
1014514356L, 1334956314L, 1741857381L, 576620287L, -405275770L, 
396975376L, 1893160371L, 1057031761L, 33515008L, 1577951966L, 
1091186985L, 1257446619L, 1637788650L, 1373371276L, 1984871631L, 
-163683195L, 95956796L, 1554755090L, -1802326771L, 1376056903L, 
1161800750L, 220049800L, 991848587L, -1805516183L, -963805640L, 
-1380182298L, -1986317695L, 2010037779L, 70961602L, 2085282420L, 
-1734146953L, -216543891L, 121270788L, -938585814L, -1559132523L, 
-1031475921L, -606840778L, -646878112L, -1293024605L, -1300613695L, 
193921456L, 977232078L, 1167425081L, -1497317301L, 33714682L, 
395226364L, 1429487935L, 1184841237L, -426771156L, 1100205570L, 
866407645L, -1955425328L, 1694960236L, -1835930572L, 1253693586L, 
-1415249568L, -899408564L, -342356512L, -846138462L, 517168040L, 
-1677955956L, -1081850948L, -508842894L, -1983084560L, -291638204L, 
1844791384L, -1738694598L, 118362224L, 1005946428L, -1207171308L, 
-1752999230L, -1185807648L, -1435636612L, 19983568L, -1679754334L, 
-828838360L, 855148812L, -1637132356L, -1992894158L, 676217024L, 
1654878772L, 1138117320L, 166308538L, -485968752L, -400320788L, 
1118469716L, 994477714L, -427899104L, -188778548L, 1238352096L, 
1846410946L, -2115587032L, -1754391636L, 676870844L, 506661362L, 
1309726256L, -1689307228L, 974746040L, -1538227366L, 855307408L, 
1025190780L, -518002924L, 1933036866L, 1191276288L, 701158332L, 
1503776592L, -878900958L, -1000316344L, -885780468L, 773641308L, 
-150949422L, 1196998144L, 327721300L, 274223336L, 719413498L, 
872400592L, -1556164308L, 1253269748L, -938701422L, 555833696L, 
-1250338804L, 451592928L, -2011518366L, 937247400L, -211097012L, 
633958268L, 763893042L, 84731504L, -391875772L, -708024360L, 
-2134636678L, -1551845840L, -1993119812L, -1228818860L, -896577470L, 
1419473056L, 1369290428L, 27027920L, 2085831522L, 1554686696L, 
-1569865524L, -81436164L, 1010627058L, -1553986944L, 181050868L, 
1635301000L, -1099210950L, -1334258864L, -1102648212L, 1575027092L, 
-1755270062L, 201064928L, 1446436044L, -1937161056L, -454101630L, 
1218103528L, 636450540L, -1676847812L, -1225913230L, 1594878064L, 
2123923492L, -1983984584L, 200060698L, 919039184L, 377143100L, 
-1100879980L, 1968067458L, -869185088L, 1462271548L, -517356144L, 
1145126434L, 15836424L, 709766796L, -1268408548L, 994492562L, 
-516572800L, 1122461204L, 2104925992L, -1409279430L, -1608892976L, 
-851039892L, 1123877812L, -373401582L, 1442969056L, 2126890956L, 
1873076448L, -2064476126L, -1941413592L, -848585204L, -482040004L, 
-303774734L, 1311578864L, 1338723908L, -1817853352L, -505000134L, 
1355081200L, 734156476L, 643348756L, -1787084094L, 663516256L, 
-1975123076L, 927471568L, -1319018206L, -1735918936L, 1415420812L, 
-404113220L, -645664974L, 1778166336L, -1380189004L, -130604472L, 
-176101958L, 706970128L, 653783788L, 883859796L, 361021714L, 
-241906272L, -961043764L, -589881760L, -524912702L, -32151768L, 
-359174228L, -1277172932L, 1579002226L, -1368917200L, -1873941212L, 
-2112574664L, 923705050L, -1656739952L, 1080381180L, -1405965420L, 
212639810L, 1950536960L, 137528380L, -85999280L, 573673634L, 
-160308920L, 1474893580L, -1489911076L, 861105490L, -1001274240L, 
1673797716L, -222097432L, -561108742L, -918672560L, 1804402476L, 
926951796L, 940305298L, -867915680L, 209309068L, -774808736L, 
-809485854L, 117404584L, -846580532L, 1034747900L, 1159062962L, 
-440207888L, 553421764L, 713762136L, -243705478L, -98958416L, 
-1880192580L, 683292756L, -1058228286L, 398929952L, -1284949828L, 
1833013840L, -2099661854L, -731742104L, 540165196L, -1216407300L, 
-648049678L, -1909733120L, 1988903284L, -1899172856L, 791314362L, 
598553040L, 1944419308L, -1936318060L, -1780625963L, -1539952206L, 
-1883959424L, -1971383447L, -904333349L, 839761708L, -1862848198L, 
798789615L, 320772729L, 1083706638L, -1230592804L, 112212813L, 
-1611574601L, 1057628224L, 1231757598L, 1177406443L, 1056683885L, 
-391283238L, -648302696L, 1103560193L, -2021060685L, 822918868L, 
821102562L, 512010871L, -449784895L, -1791536826L, -1862762364L, 
1438074421L, 2121240095L, -2066138760L, 582694998L, -688532253L, 
-660340059L, 1978187586L, 443833648L, -1218683559L, -1673883957L, 
132966204L, 1644523370L, -54010465L, -1640565719L, 1130555070L, 
443221932L, -854979331L, 734689351L, 456607536L, 591405134L, 
1526606971L, 2103246813L, -1513787894L, -128306392L, -1227784815L, 
128074627L, -2001590140L, 672057010L, 605608455L, -2061030831L, 
2129371606L, 2049068212L, 1388591301L, 253315599L, -1597758840L, 
1383061414L, -330457261L, 1307369653L, 781958674L, 164584416L, 
1166765641L, 1881173115L, 1320488268L, 639547610L, 623298767L, 
951293081L, 951146670L, 697959868L, -243753427L, 1537079767L, 
164892704L, -84806274L, 514485067L, -1610272435L, 829427578L, 
-1391500872L, 235012961L, 6066963L, -423531724L, 287107394L, 
-1688490665L, 379766945L, 1527685478L, -95792284L, -620660075L, 
-1560167489L, -424145064L, 1215841654L, 827762563L, -661226043L, 
869925602L, 2081041232L, 1260992121L, 1010612651L, -373027044L, 
-1676552118L, 452054079L, 28265609L, -418174818L, -572381876L, 
168035613L, 1285734567L, -771510320L, -1932925074L, -1978462693L, 
761755517L, -1824981654L, -692104184L, -782869327L, -870024413L, 
-648902620L, -1144288558L, -909615321L, 1434845553L, -1679341642L, 
-269206700L, -15841819L, -2047295505L, -65069272L, 42149766L, 
534451123L, -447646955L, 1264422258L, 770437568L, 1653793321L, 
810493595L, -426053780L, 1908930426L, 685543599L, -201839687L, 
719666638L, -1875384036L, 1753308301L, 811061495L, -664871936L, 
-2103976354L, 343687467L, 1959076397L, -960847206L, 1345969752L, 
704209345L, 1255894643L, 1181445012L, 80241186L, 295988535L, 
